13 97 4 116
0 1
0 2
0 3
0 9
0 11
1 2
1 3
1 7
1 9
1 10
1 11
1 8
2 1
2 3
2 7
2 9
2 10
2 11
2 8
3 1
3 2
3 7
3 9
3 10
3 11
3 8
4 5
4 6
4 7
4 8
4 10
4 11
4 12
4 9
5 4
5 6
5 7
5 8
5 10
5 11
5 12
5 9
6 4
6 5
6 7
6 8
6 10
6 11
6 12
6 9
7 1
7 2
7 3
7 4
7 5
7 6
7 10
7 11
8 1
8 2
8 3
8 4
8 5
8 6
8 10
8 9
9 1
9 2
9 3
9 4
9 5
9 6
9 10
9 11
9 8
9 12
10 1
10 2
10 3
10 4
10 5
10 6
10 7
10 8
10 9
10 11
10 12
11 1
11 2
11 3
11 4
11 5
11 6
11 8
11 9
11 10
11 12
0 12
0 0 0
7 0 2
8 2 2
12 1 0
0 1 0
0 2 0
0 3 0
0 9 0
0 11 0
1 0 1
1 2 0
1 2 1
1 3 0
1 3 1
1 7 0
1 8 0
1 9 0
1 10 1
1 11 0
2 0 1
2 1 0
2 1 1
2 3 0
2 3 1
2 7 0
2 8 0
2 9 0
2 10 1
2 11 0
3 0 1
3 1 0
3 1 1
3 2 0
3 2 1
3 7 0
3 8 0
3 9 0
3 10 1
3 11 0
4 5 2
4 5 3
4 6 2
4 6 3
4 7 3
4 8 2
4 9 3
4 10 2
4 11 2
4 12 3
5 4 2
5 4 3
5 6 2
5 6 3
5 7 3
5 8 2
5 9 3
5 10 2
5 11 2
5 12 3
6 4 2
6 4 3
6 5 2
6 5 3
6 7 3
6 8 2
6 9 3
6 10 2
6 11 2
6 12 3
7 1 1
7 2 1
7 3 1
7 4 2
7 5 2
7 6 2
7 10 2
7 10 1
7 11 2
8 1 1
8 2 1
8 3 1
8 4 3
8 5 3
8 6 3
8 9 3
8 10 1
9 0 1
9 1 0
9 2 0
9 3 0
9 4 2
9 5 2
9 6 2
9 8 2
9 10 1
9 10 2
9 11 2
10 1 0
10 2 0
10 3 0
10 4 3
10 5 3
10 6 3
10 7 3
10 7 0
10 8 0
10 9 0
10 9 3
10 11 0
11 0 1
11 1 1
11 2 1
11 3 1
11 4 3
11 5 3
11 6 3
11 7 3
11 9 3
11 10 1
11 12 3
